0 9
1 8
11 5
12 0
19 1
29 8
31 2
34 7
42 11
52 1
65 6
75 6
80 1
91 0
96 7
97 2
4 15
19 12
20 12
26 20
42 18
43 20
44 11
58 19
61 21
67 13
75 13
79 12
16 24
17 26
26 20
27 27
33 23
35 26
49 25
58 23
69 29
88 26
91 22
29 36
42 32
72 37
82 38
84 39
92 32
42 48
52 47
10 54
11 57
17 55
18 56
21 55
29 53
40 52
58 55
65 51
71 52
89 51
93 57
90 51
95 53
100 52
2 61
10 62
42 68
70 61
89 67
90 60
95 65
97 62
7 73
11 70
17 73
30 70
42 74
45 72
59 75
65 73
69 77
70 76
73 72
74 71
88 88
3 89
5 87
7 84
41 82
70 81
89 85
90 80
11 100
13 90
19 92
22 92
31 91
42 95
51 98
53 90
50 95
61 93
62 90
70 95